,error_rate
1,0.12885582293184916,0.12885582293184916,
2,0.13476986523190573,0.13476986523190573,
